
 models/final/vad_set_linear_score0_10ep.pt
[0.894 0.938 0.937 ]
mAP: 0.930
confusion
[[0.865 0.044 0.040 ]
 [0.064 0.817 0.076 ]
 [0.071 0.139 0.884 ]]
accuracy 85.31

=======================================


 models/final/vad_et_10ep_linear_wpl_0.1.pt
[0.889 0.923 0.916 ]
mAP: 0.915
confusion
[[0.864 0.046 0.041 ]
 [0.062 0.782 0.079 ]
 [0.073 0.172 0.880 ]]
accuracy 83.68

=======================================


 models/final/vad_set_linear_score1_10ep.pt
[0.894 0.961 0.963 ]
mAP: 0.954
confusion
[[0.861 0.042 0.039 ]
 [0.071 0.876 0.061 ]
 [0.067 0.081 0.900 ]]
accuracy 88.35

=======================================


 models/final/vad_et_10ep_tanh_wpl_0.7.pt
[0.897 0.924 0.915 ]
mAP: 0.917
confusion
[[0.871 0.043 0.040 ]
 [0.059 0.784 0.082 ]
 [0.070 0.172 0.877 ]]
accuracy 83.78

=======================================


 models/final/vad_st_score2_6ep.pt
[0.886 0.945 0.945 ]
mAP: 0.937
confusion
[[0.855 0.044 0.040 ]
 [0.070 0.864 0.095 ]
 [0.075 0.092 0.865 ]]
accuracy 86.28

=======================================


 models/final/vad_st_linear_score0_8ep.pt
[0.893 0.860 0.864 ]
mAP: 0.863
confusion
[[0.878 0.047 0.045 ]
 [0.053 0.706 0.138 ]
 [0.069 0.247 0.817 ]]
accuracy 78.20

=======================================


 models/final/vad_et_10ep_tanh_wpl_0.1.pt
[0.884 0.918 0.909 ]
mAP: 0.910
confusion
[[0.864 0.047 0.043 ]
 [0.065 0.772 0.082 ]
 [0.072 0.181 0.876 ]]
accuracy 83.07

=======================================


 models/final/vad_et_10ep_tanh_wpl_0.5.pt
[0.893 0.931 0.924 ]
mAP: 0.923
confusion
[[0.868 0.045 0.041 ]
 [0.062 0.801 0.078 ]
 [0.070 0.154 0.882 ]]
accuracy 84.59

=======================================


 models/final/vad_st_tanh_score0_6ep.pt
[0.892 0.857 0.858 ]
mAP: 0.859
confusion
[[0.874 0.046 0.043 ]
 [0.052 0.687 0.138 ]
 [0.074 0.267 0.819 ]]
accuracy 77.42

=======================================


 models/final/vad_set_linear_score2_10ep.pt
[0.897 0.959 0.960 ]
mAP: 0.952
confusion
[[0.866 0.042 0.039 ]
 [0.066 0.860 0.053 ]
 [0.068 0.097 0.908 ]]
accuracy 88.08

=======================================


 models/final/vad_set_tanh_score1_10ep.pt
[0.895 0.962 0.964 ]
mAP: 0.954
confusion
[[0.865 0.044 0.039 ]
 [0.065 0.866 0.050 ]
 [0.070 0.090 0.911 ]]
accuracy 88.46

=======================================


 models/final/vad_et_10ep_tanh.pt
[0.895 0.924 0.915 ]
mAP: 0.916
confusion
[[0.864 0.043 0.040 ]
 [0.063 0.784 0.083 ]
 [0.074 0.173 0.877 ]]
accuracy 83.64

=======================================


 models/final/vad_st_linear_score1_8ep.pt
[0.894 0.952 0.954 ]
mAP: 0.944
confusion
[[0.872 0.046 0.041 ]
 [0.061 0.840 0.063 ]
 [0.068 0.115 0.896 ]]
accuracy 86.85

=======================================


 models/final/vad_et_10ep.pt
[0.891 0.919 0.907 ]
mAP: 0.912
confusion
[[0.867 0.045 0.042 ]
 [0.064 0.790 0.098 ]
 [0.070 0.165 0.860 ]]
accuracy 83.23

=======================================


 models/final/vad_st_tanh_score1_8ep.pt
[0.896 0.955 0.957 ]
mAP: 0.948
confusion
[[0.868 0.044 0.040 ]
 [0.064 0.855 0.067 ]
 [0.068 0.101 0.893 ]]
accuracy 87.33

=======================================


 models/final/vad_et_10ep_linear.pt
[0.897 0.931 0.924 ]
mAP: 0.924
confusion
[[0.872 0.044 0.042 ]
 [0.063 0.819 0.094 ]
 [0.065 0.137 0.865 ]]
accuracy 84.73

=======================================


 models/final/vad_st_score1_6ep.pt
[0.887 0.952 0.954 ]
mAP: 0.944
confusion
[[0.865 0.047 0.043 ]
 [0.065 0.852 0.068 ]
 [0.070 0.102 0.889 ]]
accuracy 86.96

=======================================


 models/final/vad_st_score0_6ep.pt
[0.888 0.860 0.864 ]
mAP: 0.863
confusion
[[0.870 0.047 0.044 ]
 [0.056 0.707 0.140 ]
 [0.074 0.246 0.816 ]]
accuracy 78.05

=======================================


 models/final/vad_et_10ep_tanh_lr.pt
[0.897 0.925 0.916 ]
mAP: 0.918
confusion
[[0.872 0.044 0.041 ]
 [0.059 0.786 0.083 ]
 [0.070 0.170 0.876 ]]
accuracy 83.84

=======================================


 models/final/vad_st_tanh_score1_6ep.pt
[0.891 0.952 0.954 ]
mAP: 0.944
confusion
[[0.864 0.044 0.041 ]
 [0.066 0.848 0.065 ]
 [0.070 0.108 0.894 ]]
accuracy 86.99

=======================================


 models/final/vad_et_10ep_linear_wpl_0.5.pt
[0.893 0.928 0.921 ]
mAP: 0.921
confusion
[[0.873 0.046 0.042 ]
 [0.060 0.798 0.081 ]
 [0.068 0.156 0.877 ]]
accuracy 84.38

=======================================


 models/final/vad_set_score0_10ep.pt
[0.888 0.935 0.931 ]
mAP: 0.927
confusion
[[0.862 0.045 0.042 ]
 [0.066 0.821 0.084 ]
 [0.072 0.134 0.875 ]]
accuracy 85.02

=======================================


 models/final/vad_st_linear_score2_8ep.pt
[0.887 0.946 0.944 ]
mAP: 0.937
confusion
[[0.853 0.043 0.041 ]
 [0.070 0.864 0.094 ]
 [0.077 0.093 0.865 ]]
accuracy 86.25

=======================================


 models/final/vad_st_tanh_score2_6ep.pt
[0.885 0.944 0.943 ]
mAP: 0.936
confusion
[[0.859 0.044 0.042 ]
 [0.070 0.866 0.101 ]
 [0.071 0.090 0.857 ]]
accuracy 86.13

=======================================


 models/final/vad_et_10ep_tanh_wpl_0.3.pt
[0.893 0.929 0.922 ]
mAP: 0.921
confusion
[[0.868 0.045 0.041 ]
 [0.063 0.801 0.082 ]
 [0.070 0.154 0.877 ]]
accuracy 84.40

=======================================


 models/final/vad_set_tanh_score0_10ep.pt
[0.889 0.937 0.934 ]
mAP: 0.929
confusion
[[0.866 0.045 0.042 ]
 [0.063 0.820 0.078 ]
 [0.071 0.135 0.879 ]]
accuracy 85.26

=======================================


 models/final/vad_set_tanh_score2_10ep.pt
[0.893 0.957 0.958 ]
mAP: 0.949
confusion
[[0.864 0.044 0.040 ]
 [0.067 0.856 0.058 ]
 [0.068 0.100 0.902 ]]
accuracy 87.64

=======================================


 models/final/vad_et_10ep_xvec_l2.pt
[0.904 0.925 0.914 ]
mAP: 0.919
confusion
[[0.877 0.042 0.039 ]
 [0.057 0.791 0.089 ]
 [0.066 0.168 0.872 ]]
accuracy 83.93

=======================================


 models/final/vad_et_10ep_linear_ivec_l2.pt
[0.901 0.904 0.895 ]
mAP: 0.895
confusion
[[0.872 0.042 0.040 ]
 [0.067 0.832 0.170 ]
 [0.061 0.126 0.790 ]]
accuracy 82.18

=======================================


 models/final/vad_et_10ep_xvec_l2_wpl_0.5.pt
[0.901 0.923 0.910 ]
mAP: 0.916
confusion
[[0.874 0.043 0.040 ]
 [0.059 0.787 0.089 ]
 [0.067 0.170 0.871 ]]
accuracy 83.72

=======================================


 models/final/vad_et_10ep_ivec.pt
[0.892 0.839 0.833 ]
mAP: 0.816
confusion
[[0.865 0.044 0.041 ]
 [0.083 0.853 0.327 ]
 [0.052 0.102 0.631 ]]
accuracy 76.37

=======================================


 models/final/vad_et_10ep_linear_xvec_l2.pt
[0.901 0.920 0.907 ]
mAP: 0.912
confusion
[[0.875 0.043 0.040 ]
 [0.055 0.761 0.076 ]
 [0.070 0.195 0.885 ]]
accuracy 83.21

=======================================


 models/final/vad_et_10ep_linear_ivec_regular.pt
[0.892 0.834 0.831 ]
mAP: 0.810
confusion
[[0.866 0.043 0.042 ]
 [0.084 0.860 0.343 ]
 [0.049 0.097 0.615 ]]
accuracy 75.97

=======================================


 models/final/vad_et_10ep_ivec_l2.pt
[0.904 0.905 0.900 ]
mAP: 0.898
confusion
[[0.873 0.041 0.039 ]
 [0.066 0.832 0.160 ]
 [0.061 0.127 0.801 ]]
accuracy 82.62

=======================================

