
 models/final/vad_set_linear_score0_10ep.pt
[0.933 0.962 0.962 ]
mAP: 0.958
confusion
[[0.917 0.034 0.032 ]
 [0.039 0.864 0.059 ]
 [0.044 0.102 0.908 ]]
accuracy 89.14

=======================================


 models/final/vad_et_10ep_linear_wpl_0.1.pt
[0.929 0.945 0.939 ]
mAP: 0.940
confusion
[[0.919 0.037 0.033 ]
 [0.035 0.817 0.067 ]
 [0.046 0.145 0.901 ]]
accuracy 86.97

=======================================


 models/final/vad_set_linear_score1_10ep.pt
[0.933 0.980 0.982 ]
mAP: 0.976
confusion
[[0.914 0.033 0.031 ]
 [0.044 0.915 0.039 ]
 [0.042 0.052 0.930 ]]
accuracy 92.10

=======================================


 models/final/vad_et_10ep_tanh_wpl_0.7.pt
[0.935 0.946 0.938 ]
mAP: 0.942
confusion
[[0.920 0.034 0.033 ]
 [0.036 0.824 0.070 ]
 [0.043 0.143 0.897 ]]
accuracy 87.12

=======================================


 models/final/vad_st_score2_6ep.pt
[0.928 0.973 0.973 ]
mAP: 0.967
confusion
[[0.913 0.035 0.032 ]
 [0.041 0.902 0.055 ]
 [0.046 0.063 0.913 ]]
accuracy 90.86

=======================================


 models/final/vad_st_linear_score0_8ep.pt
[0.932 0.914 0.918 ]
mAP: 0.916
confusion
[[0.927 0.037 0.036 ]
 [0.033 0.786 0.103 ]
 [0.040 0.177 0.861 ]]
accuracy 84.19

=======================================


 models/final/vad_et_10ep_tanh_wpl_0.1.pt
[0.924 0.941 0.933 ]
mAP: 0.936
confusion
[[0.923 0.039 0.035 ]
 [0.035 0.810 0.070 ]
 [0.043 0.151 0.895 ]]
accuracy 86.51

=======================================


 models/final/vad_et_10ep_tanh_wpl_0.5.pt
[0.931 0.952 0.946 ]
mAP: 0.947
confusion
[[0.920 0.035 0.033 ]
 [0.036 0.834 0.061 ]
 [0.044 0.131 0.906 ]]
accuracy 87.89

=======================================


 models/final/vad_st_tanh_score0_6ep.pt
[0.932 0.913 0.913 ]
mAP: 0.914
confusion
[[0.923 0.036 0.034 ]
 [0.034 0.776 0.107 ]
 [0.043 0.188 0.859 ]]
accuracy 83.60

=======================================


 models/final/vad_set_linear_score2_10ep.pt
[0.935 0.978 0.980 ]
mAP: 0.974
confusion
[[0.916 0.033 0.031 ]
 [0.041 0.902 0.037 ]
 [0.043 0.065 0.932 ]]
accuracy 91.69

=======================================


 models/final/vad_set_tanh_score1_10ep.pt
[0.934 0.981 0.983 ]
mAP: 0.976
confusion
[[0.918 0.034 0.031 ]
 [0.039 0.908 0.031 ]
 [0.043 0.058 0.938 ]]
accuracy 92.23

=======================================


 models/final/vad_et_10ep_tanh.pt
[0.934 0.944 0.936 ]
mAP: 0.940
confusion
[[0.918 0.034 0.032 ]
 [0.037 0.819 0.072 ]
 [0.045 0.147 0.895 ]]
accuracy 86.82

=======================================


 models/final/vad_st_linear_score1_8ep.pt
[0.933 0.978 0.979 ]
mAP: 0.973
confusion
[[0.920 0.035 0.032 ]
 [0.038 0.896 0.038 ]
 [0.043 0.069 0.930 ]]
accuracy 91.42

=======================================


 models/final/vad_et_10ep.pt
[0.930 0.941 0.930 ]
mAP: 0.937
confusion
[[0.923 0.037 0.035 ]
 [0.035 0.819 0.079 ]
 [0.042 0.144 0.886 ]]
accuracy 86.52

=======================================


 models/final/vad_st_tanh_score1_8ep.pt
[0.936 0.980 0.981 ]
mAP: 0.975
confusion
[[0.916 0.033 0.031 ]
 [0.041 0.909 0.038 ]
 [0.043 0.058 0.932 ]]
accuracy 91.95

=======================================


 models/final/vad_et_10ep_linear.pt
[0.936 0.951 0.945 ]
mAP: 0.948
confusion
[[0.920 0.034 0.033 ]
 [0.038 0.851 0.075 ]
 [0.042 0.116 0.893 ]]
accuracy 88.02

=======================================


 models/final/vad_st_score1_6ep.pt
[0.928 0.978 0.979 ]
mAP: 0.972
confusion
[[0.921 0.037 0.034 ]
 [0.038 0.898 0.038 ]
 [0.041 0.064 0.928 ]]
accuracy 91.46

=======================================


 models/final/vad_st_score0_6ep.pt
[0.927 0.913 0.915 ]
mAP: 0.914
confusion
[[0.923 0.037 0.036 ]
 [0.035 0.787 0.110 ]
 [0.042 0.175 0.854 ]]
accuracy 83.87

=======================================


 models/final/vad_et_10ep_tanh_lr.pt
[0.936 0.946 0.938 ]
mAP: 0.942
confusion
[[0.921 0.034 0.032 ]
 [0.035 0.821 0.068 ]
 [0.044 0.145 0.899 ]]
accuracy 87.10

=======================================


 models/final/vad_st_tanh_score1_6ep.pt
[0.931 0.977 0.979 ]
mAP: 0.972
confusion
[[0.919 0.035 0.034 ]
 [0.039 0.900 0.038 ]
 [0.041 0.065 0.928 ]]
accuracy 91.51

=======================================


 models/final/vad_et_10ep_linear_wpl_0.5.pt
[0.932 0.950 0.943 ]
mAP: 0.946
confusion
[[0.924 0.036 0.034 ]
 [0.034 0.835 0.066 ]
 [0.041 0.129 0.900 ]]
accuracy 87.74

=======================================


 models/final/vad_set_score0_10ep.pt
[0.928 0.959 0.958 ]
mAP: 0.955
confusion
[[0.919 0.036 0.034 ]
 [0.038 0.864 0.061 ]
 [0.043 0.101 0.905 ]]
accuracy 89.02

=======================================


 models/final/vad_st_linear_score2_8ep.pt
[0.927 0.974 0.972 ]
mAP: 0.967
confusion
[[0.906 0.034 0.032 ]
 [0.042 0.903 0.052 ]
 [0.053 0.063 0.916 ]]
accuracy 90.89

=======================================


 models/final/vad_et_12ep_linear_wpl_0.5.pt
[0.923 0.929 0.910 ]
mAP: 0.919
confusion
[[0.932 0.042 0.040 ]
 [0.029 0.738 0.048 ]
 [0.039 0.220 0.913 ]]
accuracy 84.46

=======================================


 models/final/vad_st_tanh_score2_6ep.pt
[0.927 0.972 0.972 ]
mAP: 0.967
confusion
[[0.915 0.034 0.033 ]
 [0.042 0.904 0.057 ]
 [0.043 0.062 0.910 ]]
accuracy 90.82

=======================================


 models/final/vad_et_10ep_tanh_wpl_0.3.pt
[0.933 0.948 0.943 ]
mAP: 0.944
confusion
[[0.919 0.035 0.032 ]
 [0.037 0.833 0.067 ]
 [0.044 0.132 0.901 ]]
accuracy 87.61

=======================================


 models/final/vad_set_tanh_score0_10ep.pt
[0.929 0.961 0.960 ]
mAP: 0.957
confusion
[[0.918 0.035 0.034 ]
 [0.038 0.862 0.059 ]
 [0.044 0.103 0.908 ]]
accuracy 89.10

=======================================


 models/final/vad_set_tanh_score2_10ep.pt
[0.932 0.977 0.979 ]
mAP: 0.972
confusion
[[0.919 0.035 0.032 ]
 [0.040 0.898 0.038 ]
 [0.041 0.068 0.930 ]]
accuracy 91.47

=======================================


 models/final/vad_et_10ep_xvec_l2.pt
[0.940 0.945 0.936 ]
mAP: 0.942
confusion
[[0.918 0.031 0.030 ]
 [0.038 0.832 0.079 ]
 [0.043 0.137 0.890 ]]
accuracy 87.12

=======================================


 models/final/vad_et_10ep_linear_ivec_l2.pt
[0.939 0.927 0.918 ]
mAP: 0.918
confusion
[[0.919 0.032 0.031 ]
 [0.042 0.867 0.164 ]
 [0.039 0.102 0.804 ]]
accuracy 85.00

=======================================


 models/final/vad_et_10ep_xvec_l2_wpl_0.5.pt
[0.937 0.942 0.932 ]
mAP: 0.939
confusion
[[0.918 0.032 0.031 ]
 [0.039 0.828 0.081 ]
 [0.043 0.139 0.888 ]]
accuracy 86.88

=======================================


 models/final/vad_et_10ep_ivec.pt
[0.931 0.863 0.854 ]
mAP: 0.833
confusion
[[0.919 0.035 0.033 ]
 [0.051 0.886 0.339 ]
 [0.031 0.079 0.627 ]]
accuracy 78.43

=======================================


 models/final/vad_et_10ep_linear_xvec_l2.pt
[0.938 0.939 0.928 ]
mAP: 0.935
confusion
[[0.919 0.032 0.031 ]
 [0.036 0.800 0.067 ]
 [0.045 0.168 0.902 ]]
accuracy 86.30

=======================================


 models/final/vad_et_10ep_linear_ivec_regular.pt
[0.930 0.860 0.854 ]
mAP: 0.830
confusion
[[0.918 0.034 0.034 ]
 [0.052 0.891 0.350 ]
 [0.030 0.074 0.616 ]]
accuracy 78.16

=======================================


 models/final/vad_et_10ep_ivec_l2.pt
[0.940 0.926 0.923 ]
mAP: 0.921
confusion
[[0.919 0.031 0.030 ]
 [0.041 0.862 0.151 ]
 [0.040 0.107 0.819 ]]
accuracy 85.39

=======================================

